40	5
60	10
3	13
17	18
92	18
55	20
3	23
40	24
99	24
9	29
37	35
33	39
74	39
29	41
50	49
45	55
27	57
51	62
12	63
65	67
9	69
73	69
25	70
54	70
12	74
4	76
37	76
45	76
29	81
30	81
31	81
32	81
33	81
27	82
28	82
29	82
30	82
31	82
33	82
34	82
26	83
27	83
28	83
29	83
30	83
31	83
32	83
33	83
34	83
35	83
26	84
27	84
28	84
29	84
30	84
31	84
32	84
33	84
34	84
35	84
36	84
25	85
26	85
27	85
28	85
29	85
30	85
31	85
32	85
33	85
34	85
35	85
36	85
25	86
26	86
27	86
28	86
29	86
30	86
31	86
32	86
33	86
34	86
35	86
36	86
25	87
26	87
27	87
28	87
29	87
30	87
31	87
32	87
33	87
34	87
35	87
36	87
6	88
26	88
27	88
28	88
29	88
30	88
31	88
32	88
33	88
34	88
35	88
36	88
26	89
27	89
28	89
29	89
30	89
31	89
32	89
33	89
34	89
35	89
36	89
2	90
27	90
28	90
29	90
30	90
31	90
32	90
33	90
34	90
35	90
64	90
65	90
66	90
67	90
68	90
28	91
29	91
30	91
31	91
32	91
33	91
34	91
38	91
39	91
40	91
41	91
42	91
62	91
63	91
64	91
65	91
66	91
67	91
68	91
69	91
29	92
30	92
31	92
32	92
36	92
37	92
38	92
39	92
40	92
41	92
42	92
43	92
61	92
62	92
63	92
64	92
65	92
66	92
67	92
68	92
69	92
70	92
86	92
35	93
36	93
37	93
38	93
39	93
40	93
41	93
42	93
43	93
44	93
61	93
62	93
63	93
64	93
65	93
66	93
67	93
68	93
69	93
70	93
71	93
35	94
36	94
37	94
38	94
39	94
40	94
41	94
42	94
43	94
44	94
45	94
61	94
62	94
63	94
64	94
65	94
66	94
67	94
68	94
69	94
70	94
71	94
79	94
34	95
35	95
36	95
37	95
38	95
39	95
40	95
41	95
42	95
43	95
44	95
45	95
60	95
61	95
62	95
63	95
64	95
65	95
66	95
67	95
68	95
69	95
70	95
71	95
34	96
35	96
36	96
37	96
38	96
39	96
40	96
41	96
42	96
43	96
44	96
45	96
60	96
61	96
62	96
63	96
64	96
65	96
66	96
67	96
68	96
69	96
70	96
71	96
27	97
28	97
34	97
35	97
36	97
37	97
38	97
39	97
40	97
41	97
42	97
43	97
44	97
45	97
61	97
62	97
63	97
64	97
65	97
66	97
67	97
68	97
69	97
70	97
71	97
94	97
34	98
35	98
36	98
37	98
38	98
39	98
40	98
41	98
42	98
44	98
45	98
61	98
62	98
63	98
64	98
65	98
66	98
67	98
68	98
69	98
70	98
71	98
35	99
36	99
37	99
38	99
39	99
40	99
41	99
42	99
43	99
44	99
45	99
62	99
63	99
64	99
65	99
66	99
67	99
68	99
69	99
70	99