1	19	1	0	1	1
0	23	0	0	0	3
1	20	0	0	0	3
0	29	1	0	0	1
1	25	0	0	0	3
0	32	0	0	0	1
1	20	1	0	1	1
0	23	0	0	0	2
0	17	1	0	0	3
1	28	1	0	0	1
1	34	1	1	0	2
0	20	0	0	1	3
1	17	1	0	0	1
0	19	0	0	0	3
0	32	0	0	0	1
0	31	0	0	0	1
0	29	1	0	0	1
0	23	0	0	0	1
1	21	0	0	0	3
0	30	0	0	0	3
0	22	0	0	0	1
0	32	1	0	0	1
0	35	1	0	0	2
0	30	0	0	0	1
0	30	0	0	1	3
0	17	0	0	0	3
0	19	1	0	0	1
1	14	0	0	0	3
0	20	0	0	0	1
1	27	0	0	1	2
0	22	0	0	0	2
0	19	1	0	0	1
1	27	0	0	0	3
0	19	0	0	0	3
0	25	0	0	1	3
0	29	0	0	0	1
0	18	1	0	0	1
1	24	1	0	0	1
1	23	1	0	0	1
0	22	0	0	0	1
0	25	0	0	0	1
0	30	1	0	0	1
1	25	0	1	0	3
1	31	1	0	0	1
0	18	0	0	0	3
0	35	0	0	0	1
0	25	0	0	0	1
0	20	0	0	0	3
0	18	1	0	1	1
1	24	0	0	0	2
0	23	0	0	0	3
0	21	0	0	0	1
1	19	1	0	1	1
0	23	0	0	0	1
0	28	0	0	0	3
1	17	0	1	0	2
0	14	0	0	0	1
0	24	0	0	0	3
0	45	0	0	0	1
0	29	0	0	0	1
1	29	0	0	1	1
0	19	0	0	0	1
0	21	1	0	1	3
0	33	1	0	0	1
0	21	0	0	0	1
0	16	1	0	0	1
0	19	1	1	0	1
1	17	0	0	0	2
1	25	0	0	0	3
1	15	0	0	1	3
1	20	1	0	1	3
0	22	1	0	0	1
0	22	0	0	0	1
1	20	0	0	1	3
0	28	0	0	0	3
0	19	0	0	0	3
0	25	0	0	0	1
0	22	0	0	0	1
1	26	0	0	0	3
0	32	0	0	0	3
0	24	0	0	0	1
0	25	0	0	0	2
1	25	0	0	1	3
0	29	0	0	0	1
0	17	0	0	0	3
0	30	0	0	0	1
0	24	1	0	0	1
0	15	0	0	0	2
0	25	0	1	0	2
1	20	1	0	0	1
0	16	0	0	0	2
0	26	0	0	0	3
0	31	1	0	0	1
1	22	1	0	0	1
0	19	0	0	0	3
0	22	1	0	0	1
1	25	0	0	0	3
1	21	0	0	0	3
1	18	1	0	0	2
0	29	1	0	0	1
0	19	1	0	0	1
0	28	0	0	0	1
0	24	0	0	0	1
0	28	0	0	0	1
1	21	1	1	0	1
0	36	0	0	0	1
0	19	1	1	0	1
1	15	0	0	0	1
0	22	1	0	0	3
0	20	0	0	0	3
0	22	0	1	0	3
1	22	1	0	1	1
0	17	0	0	0	2
0	22	0	1	0	1
1	24	1	0	0	2
1	20	1	0	0	2
1	23	0	0	1	3
1	26	1	0	0	1
1	23	0	0	0	3
0	24	0	0	0	3
0	31	1	0	0	3
0	33	0	0	0	3
0	22	0	0	0	1
0	18	0	0	0	2
0	28	0	0	0	3
0	17	0	0	0	2
1	24	0	1	0	3
0	31	0	0	1	1
0	30	0	0	0	3
1	17	1	0	0	1
0	17	1	0	0	1
0	24	0	0	0	1
0	26	1	0	0	2
1	16	0	0	0	3
0	20	0	0	0	3
0	26	1	0	0	3
1	26	1	0	0	1
0	26	1	0	0	1
1	21	0	0	1	2
0	23	0	0	0	3
0	19	0	0	1	2
0	17	0	0	0	3
0	21	0	0	0	3
0	19	0	0	0	3
1	18	0	0	0	3
0	32	0	0	0	1
0	25	0	0	0	1
0	21	0	0	0	3
0	24	0	0	0	1
0	18	1	0	0	1
2	20	0	0	1	1
2	16	0	0	0	3
2	20	1	0	0	2
2	26	0	1	0	3
2	18	1	0	1	1
2	24	0	0	0	3
2	18	1	0	1	1
2	27	1	0	0	1
2	30	1	0	0	1
2	19	1	0	0	1
